928
73 599
357 104
308 262
31 172
4 89
158 149
319 400
189 91
281 70
181 163
82 45
545 269
469 436
219 123
307 486
113 402
248 770
61 251
551 531
33 7
436 228
216 113
205 157
33 691
857 754
73 88
211 431
59 432
573 270
31 474
223 422
332 227
379 862
158 211
128 115
673 214
653 573
448 413
208 189
161 803
594 96
164 740
697 41
130 190
65 4
587 865
206 369
364 200
696 211
13 42
406 110
245 537
18 257
18 267
109 429
13 150
462 627
125 86
468 221
903 16
679 437
749 86
719 443
305 368
459 329
151 236
90 68
52 298
629 568
367 445
514 111
121 489
870 370
51 808
310 676
283 701
100 70
61 203
337 454
380 707
73 101
233 437
20 5
490 321
188 227
356 259
592 859
206 233
807 751
135 69
268 270
543 348
89 799
202 638
201 488
375 863
712 62
21 444
735 2
434 449
51 283
74 241
888 813
680 780
192 7
600 666
487 293
804 57
82 144
83 199
656 467
122 623
96 412
17 24
344 210
527 622
475 84
68 171
65 576
543 578
121 139
372 777
544 736
518 544
147 814
298 802
29 134
188 287
661 557
251 587
76 59
927 23
235 231
389 378
19 324
874 638
230 190
326 374
41 50
86 222
58 614
586 500
251 411
387 182
132 359
102 7
915 775
855 370
575 379
47 169
787 746
818 33
11 5
301 569
264 66
218 67
484 364
310 222
398 274
221 692
739 180
384 805
204 175
507 775
48 361
409 305
326 42
913 537
376 166
2 3
152 65
156 450
28 37
655 45
920 663
410 418
252 82
123 528
879 640
9 336
410 801
98 107
173 847
75 37
458 440
688 871
351 48
529 512
238 632
212 305
192 533
320 465
886 635
481 385
419 479
382 179
46 224
825 740
473 432
106 728
42 78
280 31
433 846
93 66
535 923
381 393
684 795
11 334
284 408
47 602
254 457
767 561
191 774
186 455
283 645
96 506
342 232
593 743
442 628
659 833
904 216
196 571
337 546
531 191
245 424
340 154
135 711
26 7
27 120
57 201
588 765
272 631
613 408
218 928
109 873
596 281
30 59
575 607
378 515
646 92
48 23
4 3
119 191
8 32
634 607
612 477
883 147
87 405
87 148
689 827
22 259
196 167
238 319
98 585
555 69
183 562
910 692
18 13
806 375
121 523
141 1
298 499
213 103
43 24
386 493
325 181
86 170
60 59
443 699
26 113
496 193
83 237
57 32
277 87
186 43
323 243
12 278
310 831
536 483
13 97
117 26
437 845
694 921
18 908
133 358
232 18
618 187
133 89
52 87
724 649
367 872
138 322
396 282
258 58
295 771
309 147
659 645
687 267
562 830
367 477
16 58
751 566
117 860
709 309
14 29
115 121
395 153
285 467
670 635
606 422
33 67
311 525
163 123
127 60
766 159
228 732
139 346
12 17
357 434
215 524
38 246
154 177
265 260
205 410
35 99
199 485
539 126
674 44
782 749
14 10
561 469
471 737
127 155
359 779
456 769
5 40
112 297
18 103
306 110
260 169
796 214
15 21
434 733
254 122
683 30
731 123
643 478
507 307
43 221
607 760
44 31
175 51
471 53
303 9
39 160
131 435
348 592
480 121
377 120
667 231
28 114
2 1
271 472
891 130
4 370
78 176
292 253
257 722
532 572
353 335
385 21
564 51
71 772
103 430
548 377
669 721
609 630
299 746
604 242
348 267
836 235
786 271
93 266
763 74
93 482
260 589
848 691
681 892
194 391
926 598
651 567
260 521
453 28
159 295
165 182
436 750
63 240
48 644
900 889
786 884
553 901
600 415
557 734
274 263
610 544
22 28
185 108
386 253
379 91
132 384
755 707
294 258
113 214
171 462
43 69
82 159
146 13
444 527
473 652
142 75
821 496
567 465
130 178
250 203
12 13
428 178
92 39
447 32
33 286
615 858
789 31
494 466
50 220
236 764
53 909
111 307
647 25
558 158
102 118
298 451
80 1
896 357
532 279
345 145
86 131
813 284
4 23
51 30
19 52
685 829
360 274
483 436
583 851
495 522
868 152
352 58
715 93
8 12
31 13
4 119
581 112
27 47
918 729
235 442
36 24
10 1
838 450
41 1
272 621
190 540
73 194
115 568
687 730
34 912
211 439
420 74
32 62
74 15
662 817
455 609
456 91
466 97
160 414
231 800
830 881
327 211
77 19
552 36
503 382
842 400
403 286
574 499
341 394
31 126
349 22
5 8
750 878
300 168
437 512
293 443
611 47
311 194
116 513
204 272
391 541
723 333
819 802
6 66
346 519
606 757
641 426
302 184
6 19
5 22
433 45
597 209
416 160
390 221
494 580
43 123
158 598
388 335
236 316
563 529
80 534
288 417
362 7
223 625
36 68
841 749
491 62
149 121
704 248
167 155
129 90
798 138
875 588
248 69
161 18
844 308
240 243
268 125
705 55
556 349
159 887
407 331
302 440
156 132
470 72
864 117
69 124
479 615
185 897
154 269
642 78
716 477
413 327
108 617
52 207
107 383
256 25
620 184
93 197
474 626
80 198
419 417
726 614
227 783
137 43
693 584
758 718
442 768
500 271
311 509
366 542
133 372
153 15
215 199
85 658
183 47
231 103
291 660
300 415
289 173
449 577
404 204
664 188
648 288
853 710
815 318
721 824
52 832
229 35
343 257
139 180
33 299
45 86
101 202
193 20
15 61
601 407
188 164
159 179
120 122
72 3
856 917
720 381
15 640
619 559
703 16
64 58
321 140
762 649
330 278
669 660
62 680
554 91
63 164
111 30
113 745
313 306
28 662
247 115
83 788
315 247
231 761
542 742
238 36
395 526
172 797
353 905
332 685
371 31
154 144
225 215
820 672
130 119
98 226
214 249
256 312
98 15
689 551
399 287
110 106
314 293
707 834
568 843
165 518
157 107
686 668
30 616
538 516
617 635
513 608
9 53
565 427
748 790
141 852
478 460
907 188
698 451
223 141
21 165
44 441
32 672
339 160
438 66
63 136
105 31
591 511
560 129
162 97
744 285
639 37
75 397
128 318
90 239
151 42
279 220
78 588
812 5
287 706
35 15
882 783
84 273
553 485
173 68
147 34
313 337
80 145
613 816
324 335
291 228
476 123
885 625
234 189
428 671
784 697
134 460
426 44
371 520
233 461
412 849
880 760
296 133
56 452
93 276
429 654
558 902
700 759
170 501
586 922
16 13
455 867
38 132
792 697
106 425
400 566
76 84
97 228
1 30
207 242
115 517
104 67
416 633
890 702
778 10
710 46
27 24
341 56
756 323
91 5
101 108
83 33
345 595
350 876
20 45
15 547
85 392
168 133
789 837
329 682
68 508
497 675
729 381
649 630
765 811
52 262
327 605
190 495
217 9
629 866
42 301
115 657
839 110
911 722
427 68
251 497
747 569
62 70
46 21
195 90
387 464
899 409
42 209
401 281
44 700
146 261
914 73
86 304
695 748
173 350
9 708
850 246
284 54
73 96
14 49
63 30
166 97
503 718
802 889
633 906
363 809
88 106
363 15
637 354
275 234
255 3
753 55
859 898
717 655
840 39
55 21
695 655
776 33
266 333
109 535
437 794
320 275
290 80
10 530
309 893
773 527
182 184
614 714
271 48
328 725
136 579
365 225
331 226
43 206
71 18
684 384
483 854
810 767
308 367
835 17
609 822
718 791
200 151
463 39
143 48
33 861
72 116
502 373
557 160
665 551
329 201
650 284
210 153
549 189
115 23
28 79
636 165
785 445
2 38
282 130
924 541
140 245
380 239
43 293
688 415
35 288
135 253
752 350
570 194
109 12
227 559
138 93
39 20
421 62
677 61
233 263
925 405
206 244
81 23
6 2
635 916
190 338
373 337
