11 11
R 8 0 0
R 3 0 2
R 3 0 4
B 1 0 5
R 3 0 6
R 3 0 8
B 1 0 9
R 4 0 10
O 9 1 2
B 1 1 6
O 1 1 7
B 1 1 8
R 2 1 9
O 1 2 1
Y 2 2 2
Y 2 2 3
O 5 2 6
B 1 2 7
O 3 2 8
R 2 2 9
R 3 3 1
O 9 3 2
Y 1 3 5
O 5 3 7
O 3 3 9
R 4 3 10
R 3 4 2
Y 1 4 3
B 1 4 8
R 8 5 0
R 3 5 1
O 5 5 3
O 5 5 5
O 8 5 6
B 1 5 7
P 1 5 8
R 3 6 2
Y 1 6 3
O 3 6 7
B 1 6 8
O 9 6 10
R 7 7 1
O 2 7 2
O 2 7 3
Y 1 7 5
O 3 7 6
R 4 7 10
O 1 8 1
Y 2 8 2
Y 2 8 3
O 8 8 6
B 1 8 7
O 9 8 8
R 2 8 9
R 5 9 1
O 4 9 2
O 4 9 5
B 1 9 6
O 1 9 7
B 1 9 8
R 2 9 9
R 7 10 0
R 5 10 4
B 1 10 5
R 3 10 6
R 3 10 8
B 1 10 9
R 4 10 10
--
V 4 2
