54 39
S 10 0 7
S 11 0 9
S 4 0 13
S 11 0 15
S 9 0 16
S 9 0 18
S 8 0 24
S 4 0 26
S 12 0 28
S 5 0 33
S 8 0 38
S 12 1 2
S 12 1 3
S 6 1 7
S 4 1 13
S 4 1 20
S 4 1 21
S 11 1 22
S 12 1 30
S 7 1 32
K 1 1 33
S 5 1 34
S 8 1 38
S 6 2 5
S 10 2 8
S 4 2 15
S 4 2 16
S 4 2 25
S 7 2 29
K 5 2 32
G 12 2 33
K 3 2 34
K 3 2 36
S 12 3 0
S 6 3 3
S 11 3 5
S 9 3 6
S 6 3 10
K 5 3 13
K 7 3 15
S 12 3 20
S 5 3 27
S 4 3 30
K 5 3 31
K 11 3 36
S 7 3 38
K 8 4 11
G 3 4 13
G 3 4 15
K 7 4 16
S 4 4 28
K 6 4 29
S 6 5 2
S 7 5 5
S 9 5 8
K 8 5 18
S 3 5 23
S 8 5 26
S 5 5 27
K 7 5 28
K 6 5 29
K 6 5 32
G 12 5 33
S 3 6 0
S 12 6 2
S 7 6 4
S 6 6 8
K 8 6 12
G 3 6 13
K 5 6 14
G 3 6 15
K 8 6 16
S 12 6 22
S 11 6 25
K 6 6 32
G 7 6 36
S 11 7 2
S 11 7 7
S 7 7 9
S 7 7 10
K 5 7 11
K 8 7 13
S 12 7 19
S 12 7 22
S 3 7 23
K 7 7 26
K 8 7 30
G 7 7 35
G 11 7 36
S 3 8 0
K 12 8 5
S 7 8 6
S 7 8 11
K 10 8 14
S 2 8 17
S 12 8 20
K 7 8 21
K 5 8 23
K 10 8 25
K 10 8 26
K 3 8 32
G 2 8 33
K 4 9 6
K 8 9 12
K 5 9 13
S 2 9 17
K 8 9 29
B 6 9 30
G 2 9 33
S 7 9 38
S 2 10 8
K 10 10 13
K 11 10 20
B 5 10 22
K 5 10 23
K 9 10 24
B 6 10 30
K 3 10 32
G 11 10 33
S 6 10 38
S 11 11 0
K 4 11 7
S 2 11 8
S 4 11 11
K 7 11 12
K 8 11 16
K 7 11 20
G 6 11 33
G 3 11 36
K 8 12 8
S 4 12 11
K 7 12 17
B 5 12 22
K 11 12 25
K 8 12 29
G 6 12 35
K 11 12 37
S 4 13 0
S 4 13 1
K 8 13 9
S 12 13 16
B 4 13 26
K 12 13 28
B 6 13 30
G 8 13 33
G 3 13 36
K 12 13 37
K 8 14 15
K 11 14 16
K 9 14 20
K 10 14 21
B 6 14 23
K 4 14 24
B 4 14 26
K 11 14 27
B 5 14 28
K 12 14 32
K 6 15 14
K 7 15 18
B 6 15 23
K 4 15 26
B 6 15 31
K 10 15 32
G 10 15 33
G 8 15 36
S 6 15 38
K 12 16 2
K 7 16 15
K 5 16 24
B 5 16 28
G 10 16 33
S 12 16 38
S 6 17 0
S 6 17 1
K 2 17 2
K 10 17 19
K 2 17 22
K 2 17 23
K 8 17 27
B 10 17 31
G 10 17 33
S 12 18 1
K 2 18 2
K 6 18 14
B 6 18 22
B 8 18 25
B 8 18 28
K 12 18 29
G 6 18 35
K 6 19 13
K 12 19 18
K 3 19 20
B 6 19 22
K 2 19 25
K 2 19 26
B 4 19 27
B 10 19 30
K 8 20 1
K 6 20 15
K 9 20 19
K 3 20 21
K 5 20 24
B 10 20 25
B 4 20 27
G 6 20 36
K 5 21 13
K 12 21 17
K 9 21 22
K 6 21 23
K 2 21 27
K 2 21 28
K 8 22 2
K 12 22 14
K 8 22 18
B 6 22 23
G 10 22 33
K 11 23 2
K 5 23 15
K 10 23 21
B 6 23 23
K 6 23 26
B 11 23 27
B 12 23 30
G 11 23 35
G 12 23 36
K 8 24 17
K 3 24 24
B 3 24 25
B 10 24 28
B 8 24 30
K 10 24 32
G 11 24 34
K 12 24 37
K 10 25 20
K 11 25 23
K 2 25 27
K 2 25 28
K 10 25 32
K 10 25 37
K 6 26 17
K 6 26 18
B 6 26 22
K 3 26 24
B 3 26 25
G 12 26 34
K 12 27 14
K 9 27 26
S 12 27 38
S 12 28 0
K 11 28 1
K 3 28 2
B 6 28 23
B 11 28 28
G 10 28 33
S 8 28 38
S 8 29 0
K 3 29 1
K 12 29 15
K 4 29 17
K 4 29 20
K 11 29 21
K 2 29 22
K 2 29 23
B 6 29 26
K 2 29 27
K 2 29 28
K 12 29 29
B 12 29 31
K 12 30 21
B 4 30 23
B 6 30 26
B 6 30 28
K 6 30 29
B 8 30 31
K 9 31 2
B 4 31 23
K 9 31 26
G 12 31 35
K 10 32 17
K 6 32 20
K 12 32 22
B 6 32 27
B 10 32 30
G 12 32 35
G 10 32 36
K 10 33 13
B 6 33 23
B 6 33 26
K 6 33 27
G 12 33 35
G 12 33 36
K 12 34 15
K 10 34 18
K 6 34 21
B 6 34 26
K 3 34 29
B 10 34 31
K 10 34 32
G 4 34 34
K 10 34 37
K 11 35 17
K 12 35 21
B 6 35 22
K 2 35 25
K 2 35 26
K 3 35 32
K 6 35 37
S 8 35 38
S 8 36 0
K 9 36 1
K 10 36 17
K 2 36 22
K 2 36 23
B 10 36 28
K 3 36 29
B 2 36 30
B 2 36 31
G 4 36 35
S 11 36 38
S 9 37 1
K 5 37 2
K 7 37 20
B 10 37 26
K 7 37 27
K 3 37 32
S 9 38 2
K 5 38 5
K 3 38 19
B 6 38 23
K 2 38 25
K 2 38 26
B 10 38 27
B 8 38 30
K 11 38 32
G 12 38 34
S 3 39 0
S 3 39 4
K 11 39 6
K 3 39 18
K 11 39 21
B 6 39 23
B 10 39 25
B 8 39 30
S 3 40 1
S 3 40 5
K 7 40 23
K 5 40 27
G 10 40 36
K 6 40 37
S 8 41 3
S 12 41 5
B 6 41 23
K 12 41 24
K 7 41 29
G 12 41 34
G 10 41 36
K 8 41 37
S 12 42 0
S 9 42 8
K 11 42 13
S 6 42 18
K 12 42 26
K 5 42 27
K 11 42 28
G 9 42 34
S 12 43 4
K 12 43 14
S 6 43 18
K 12 43 19
B 6 43 22
K 12 43 24
B 6 43 31
K 11 43 32
G 9 43 35
S 9 44 10
K 10 44 12
K 8 44 16
K 10 44 19
K 10 44 22
K 6 44 24
G 3 44 33
S 8 45 0
S 10 45 1
S 12 45 4
S 6 45 6
S 4 45 17
K 6 45 20
K 11 45 28
B 6 45 30
G 10 45 34
G 10 45 35
S 10 46 5
S 6 46 6
S 12 46 9
S 12 46 10
K 10 46 11
K 5 46 13
K 8 46 15
S 4 46 19
K 9 46 22
K 11 46 27
K 7 46 30
G 3 46 33
S 11 46 38
S 10 47 9
K 4 47 12
G 3 47 13
G 3 47 15
S 10 47 21
S 10 47 24
K 9 47 25
K 4 47 29
G 10 47 33
S 5 47 38
S 12 48 1
S 2 48 4
S 2 48 5
S 10 48 7
S 12 48 8
K 4 48 12
K 12 48 17
S 3 48 23
S 12 48 24
K 4 48 27
K 8 48 37
S 4 49 0
K 4 49 11
G 3 49 13
K 5 49 14
G 3 49 15
K 5 49 16
S 3 49 22
K 3 49 29
K 7 49 31
K 9 49 37
S 4 50 0
S 12 50 2
S 10 50 6
S 10 50 9
K 4 50 11
K 5 50 13
K 12 50 18
S 10 50 19
S 8 50 25
S 10 50 29
K 3 50 30
G 10 50 35
S 7 51 2
S 7 51 6
S 12 51 12
S 7 51 13
S 12 51 14
S 12 51 19
S 10 51 21
S 12 51 24
S 10 51 27
S 9 51 30
K 11 51 32
G 4 51 33
G 4 51 34
S 5 51 38
S 6 52 8
S 7 52 12
S 7 52 14
S 12 52 23
S 9 52 31
K 9 52 32
S 6 52 36
S 10 53 1
S 10 53 2
S 6 53 4
S 7 53 7
S 12 53 19
S 8 53 29
S 6 53 32
S 4 53 37
S 4 53 38
--
H 1 10
H 2 0
H 2 2
V 3 0
V 3 2
V 3 21
V 4 33
V 5 5
V 5 20
H 6 4
H 6 18
V 8 3
V 8 36
H 9 3
V 9 4
V 9 5
V 9 21
H 11 6
H 12 26
V 12 35
H 14 14
H 15 17
V 15 18
V 17 14
H 18 13
V 18 16
H 18 16
H 19 15
H 20 2
H 20 14
V 20 16
H 20 16
H 21 2
H 22 2
H 22 11
V 22 12
V 22 13
V 22 18
H 22 18
H 23 2
H 23 12
V 23 13
H 23 16
V 23 36
H 24 2
V 24 13
V 24 16
H 25 2
H 25 12
H 25 15
V 26 3
V 26 4
H 26 12
H 26 13
V 26 16
V 27 13
H 27 13
V 27 16
H 28 12
H 29 13
V 29 15
H 29 15
H 30 13
V 30 16
V 30 20
H 31 1
V 31 3
V 31 15
V 31 16
H 31 17
H 31 34
V 32 3
H 32 13
H 32 15
H 33 1
H 33 13
H 34 2
H 34 15
H 35 1
V 35 2
V 35 3
H 35 15
V 36 14
H 36 14
H 36 15
H 36 16
V 37 5
H 37 13
H 38 16
V 38 18
V 39 7
H 39 8
V 40 8
H 40 8
V 40 14
V 40 17
H 40 17
H 41 9
H 41 14
V 41 15
V 44 6
H 44 26
V 45 27
V 46 7
V 48 11
V 48 17
V 48 24
H 48 34
H 49 9
H 49 34
H 50 21
H 51 18
H 51 23
H 52 16
