65 15
K 10 0 7
K 10 0 14
K 16 1 5
K 2 2 5
K 2 2 10
K 2 2 11
R 11 3 1
R 12 3 3
K 2 3 5
K 13 3 13
R 12 4 3
K 8 4 7
K 13 4 8
K 2 4 14
R 11 5 3
K 2 5 11
K 2 5 12
K 2 5 14
R 10 6 1
K 16 7 0
K 8 7 5
K 3 7 10
K 3 7 12
K 13 7 14
K 10 8 0
K 15 8 5
R 10 9 1
R 16 9 2
R 16 9 5
K 7 9 8
K 7 11 12
R 9 12 3
K 2 12 10
K 2 12 11
K 13 13 12
R 4 13 13
K 4 13 14
R 9 14 7
K 15 14 11
R 4 14 12
R 12 15 2
K 10 16 2
R 17 16 3
R 7 16 5
R 4 16 11
K 9 16 12
R 4 16 13
K 4 16 14
K 10 17 0
R 12 17 1
R 7 17 3
R 7 17 8
K 10 17 13
K 10 18 1
K 9 18 8
R 17 18 11
R 7 19 3
K 3 19 4
R 3 19 6
K 9 19 7
K 9 19 9
K 3 20 3
R 3 20 5
K 14 21 0
K 12 21 5
K 2 23 1
K 2 23 2
K 5 24 10
K 12 25 2
K 12 25 4
K 10 25 7
K 10 25 14
K 5 26 10
K 5 26 12
K 12 27 5
K 5 27 13
K 3 28 2
K 10 28 7
K 7 28 9
K 1 28 12
K 9 28 14
K 3 29 3
K 7 29 6
K 14 30 2
K 7 30 5
K 7 30 11
K 8 31 1
K 5 31 8
K 17 31 12
K 8 32 4
K 8 32 5
K 5 32 7
K 17 32 11
K 1 32 12
K 9 33 11
K 8 34 1
K 5 34 12
K 2 34 14
K 3 35 2
K 10 35 7
K 5 35 11
K 2 35 14
K 13 36 0
K 3 36 3
K 9 36 13
K 2 37 7
K 2 37 12
K 14 38 2
K 4 38 3
K 2 38 7
K 2 38 12
K 4 39 3
K 7 39 6
K 10 39 10
K 14 40 5
K 2 40 9
K 9 40 11
K 5 40 14
K 9 41 7
K 2 41 9
K 13 42 0
K 7 42 5
K 1 42 10
K 3 43 3
R 6 43 5
K 2 43 6
K 9 43 9
R 9 44 3
K 3 44 4
K 2 44 6
K 5 44 14
K 11 45 1
R 2 45 4
R 6 45 6
K 11 45 9
K 13 45 14
R 16 46 1
K 2 46 2
R 2 46 4
K 2 47 2
R 9 47 6
R 7 47 8
R 5 47 11
K 11 47 13
K 11 48 0
R 7 48 7
R 5 48 10
K 17 49 0
R 6 49 6
R 6 49 9
R 4 49 12
R 16 50 2
K 10 50 10
K 13 50 11
R 2 51 3
R 2 51 4
R 4 51 13
K 3 52 9
K 3 52 11
R 10 53 2
K 10 53 4
K 3 53 12
K 7 53 14
R 10 54 2
K 13 54 5
K 3 54 11
R 10 55 1
R 13 56 1
K 6 56 4
K 13 57 12
R 10 58 3
K 7 58 13
R 13 59 2
R 9 59 4
K 6 59 6
K 8 59 9
K 8 59 12
K 6 59 14
R 9 60 5
K 15 60 8
K 3 60 10
K 3 61 11
K 9 62 9
K 6 62 12
R 2 63 3
R 2 63 4
K 9 63 14
K 17 64 1
K 15 64 2
K 4 64 7
K 4 64 10
--
V 0 3
V 0 4
V 0 12
H 0 13
H 1 4
H 1 11
V 2 13
H 3 6
H 3 9
H 3 11
H 3 12
H 4 6
H 4 9
H 4 12
H 5 5
H 5 7
H 5 8
H 6 5
H 7 6
H 7 13
V 8 2
V 8 4
H 8 6
V 8 13
H 9 4
V 9 10
V 9 11
H 10 3
H 10 8
H 10 9
H 11 6
V 11 7
H 11 8
H 11 10
V 11 13
H 12 7
V 12 9
H 13 2
H 13 8
H 13 9
H 13 10
V 14 4
V 14 5
H 14 5
V 15 3
V 17 13
H 20 1
V 20 7
V 20 8
V 21 0
H 21 4
H 22 2
V 22 6
V 22 8
H 23 4
H 23 7
V 24 5
V 24 7
V 24 8
H 24 9
V 24 11
H 25 1
V 25 2
V 25 12
H 26 2
H 26 7
H 26 9
V 26 10
H 27 2
H 27 7
V 27 9
V 27 10
V 28 4
V 28 8
H 28 10
V 29 1
H 29 8
H 29 10
V 30 3
V 30 5
V 30 7
H 31 3
H 32 0
V 32 13
H 33 0
V 33 3
V 33 5
V 34 12
V 35 3
H 35 12
V 36 1
V 36 4
V 36 8
V 36 11
V 36 13
V 37 1
H 37 9
H 37 10
H 38 0
H 38 9
V 38 13
H 39 9
H 39 10
H 39 12
V 40 2
V 40 3
H 41 1
H 41 5
H 41 7
V 42 7
V 43 2
V 43 10
V 43 12
V 44 11
H 44 11
H 45 10
H 45 11
V 46 13
V 50 8
V 50 11
V 51 6
H 51 6
V 51 7
H 51 8
V 52 5
V 53 5
H 53 11
H 54 5
V 54 6
H 54 7
V 54 8
V 54 10
V 55 6
V 55 7
V 55 10
H 55 11
V 55 13
H 56 5
H 56 8
H 56 9
H 56 12
H 56 13
V 57 5
H 57 9
V 57 10
H 57 11
H 57 13
V 58 6
V 58 7
V 59 13
V 60 7
H 60 7
V 60 9
V 60 10
H 60 13
V 61 6
H 61 6
H 61 9
H 61 13
H 62 4
V 62 6
V 62 8
H 63 9
H 63 10
V 63 12
V 63 13
