32 17
C 10 0 0
C 12 0 2
C 12 0 13
C 11 0 14
K 7 1 2
K 7 1 8
C 11 1 15
K 6 2 1
R 11 2 7
K 8 2 10
R 7 2 12
K 8 2 13
Y 9 3 9
C 3 3 16
K 9 4 3
K 9 4 5
K 7 4 11
K 7 4 14
C 3 4 15
K 8 5 3
K 7 5 6
K 5 5 13
C 11 5 16
R 7 6 10
K 7 6 12
K 5 6 14
C 10 7 0
K 6 7 1
R 11 7 2
K 5 7 4
R 9 7 10
K 5 7 13
K 5 7 15
C 7 8 0
K 11 8 1
R 11 8 2
K 5 8 5
K 7 8 11
K 7 9 6
K 12 9 12
C 11 9 16
K 5 10 7
R 12 10 12
K 8 11 4
Y 9 11 9
C 2 11 14
C 4 11 16
K 11 12 3
K 5 12 5
Y 11 12 9
C 2 12 14
C 4 12 16
K 5 13 6
R 9 13 10
C 7 14 0
K 5 14 7
R 7 14 12
C 6 14 14
C 6 14 15
C 6 15 0
K 3 16 3
K 11 16 5
R 7 16 12
C 3 16 15
C 11 16 16
K 5 17 6
R 12 17 10
C 3 17 16
K 11 18 1
R 11 18 2
K 3 18 3
R 12 18 12
K 7 19 1
R 7 19 2
K 12 19 13
C 6 20 0
K 7 20 3
K 7 20 5
K 5 20 7
K 2 20 13
C 10 21 0
K 9 21 3
K 3 21 6
R 12 21 12
K 2 21 13
C 12 21 16
K 3 22 7
Y 11 22 9
R 2 22 10
R 2 22 11
C 11 22 14
K 7 23 4
K 7 23 6
K 11 23 8
K 5 23 14
C 12 23 15
Y 3 24 9
R 3 24 10
K 10 24 11
C 3 24 16
K 7 25 1
R 7 25 2
K 3 25 6
K 11 25 12
K 11 25 14
K 10 26 1
K 3 26 7
Y 3 26 9
R 3 26 10
K 4 26 13
K 5 26 15
C 3 26 16
C 10 27 1
K 9 27 5
C 5 28 2
K 10 28 6
R 1 28 7
Y 1 28 9
R 4 28 10
K 4 28 12
R 1 29 6
Y 1 29 7
K 11 29 10
R 4 29 12
C 12 29 16
C 8 30 2
C 11 30 4
K 10 30 6
K 5 30 7
K 5 30 9
C 2 30 14
C 8 31 2
C 5 31 3
C 11 31 13
C 2 31 14
C 12 31 15
--
H 1 14
H 4 3
V 4 4
V 5 6
V 6 4
H 7 14
V 8 4
V 9 4
H 10 3
H 10 6
V 11 6
H 12 3
V 13 4
H 13 4
H 13 6
H 14 3
H 14 5
V 15 6
H 18 4
H 18 6
V 19 12
H 20 3
H 21 4
V 22 5
H 22 6
H 24 3
H 24 4
V 25 5
H 25 12
H 26 2
H 26 3
V 26 4
H 26 6
V 27 4
H 28 4
