32 32
K 17 0 0
K 4 0 5
K 16 0 19
K 17 0 24
K 5 0 31
K 11 1 2
K 4 1 5
K 9 1 7
K 14 1 11
Y 5 1 12
K 7 1 15
K 7 1 18
K 6 1 21
K 17 1 25
K 5 1 28
K 11 2 3
K 17 2 4
K 6 2 21
K 5 3 9
Y 5 3 10
K 14 3 12
K 7 3 16
K 17 3 25
K 4 4 3
K 9 4 6
K 5 4 8
Y 3 4 9
K 1 4 22
K 4 5 3
L 4 5 7
Y 3 5 8
Y 5 5 11
K 11 5 13
K 7 5 15
K 10 5 18
K 17 5 19
K 5 5 23
K 5 6 2
K 12 6 6
L 4 6 9
Y 5 6 10
K 2 6 11
K 16 6 16
K 5 6 20
K 3 7 8
L 4 7 10
K 2 7 11
K 12 7 17
K 12 7 21
K 5 8 0
K 3 8 7
L 4 8 8
K 11 8 10
K 12 8 13
K 10 8 18
K 15 9 2
K 2 9 8
K 2 9 9
K 2 9 12
K 11 9 14
K 12 10 1
K 2 10 12
K 12 10 14
K 12 10 15
K 2 11 17
K 14 11 26
K 11 12 13
K 2 12 17
K 15 13 0
K 2 13 11
K 7 14 2
K 2 14 11
K 13 15 1
K 8 15 10
K 12 15 14
K 8 15 15
K 7 16 0
K 6 17 11
K 16 17 13
K 6 17 14
K 13 18 2
K 6 18 10
K 14 18 20
K 13 19 20
K 6 20 13
K 13 21 0
K 2 21 10
K 2 21 11
K 16 21 12
K 13 23 0
K 11 24 1
K 13 24 17
K 5 25 16
K 11 26 5
K 5 26 15
K 2 27 0
K 7 27 6
K 9 27 13
K 15 27 14
K 4 27 17
K 4 27 18
K 2 28 0
K 8 28 2
K 6 28 12
K 16 29 0
K 4 29 3
K 4 29 4
K 16 29 5
K 12 29 7
K 6 29 10
K 15 29 14
K 8 30 5
K 9 30 14
K 7 31 4
K 12 31 10
K 6 31 11
K 6 31 16
--
V 0 24
V 0 29
V 1 2
V 1 20
H 1 20
H 1 29
H 2 8
H 2 26
V 2 27
V 2 28
H 2 28
V 3 20
V 3 26
V 3 27
H 4 14
V 4 20
H 4 24
H 4 27
V 5 5
H 5 13
H 5 21
V 5 23
V 5 24
H 5 24
H 5 27
V 5 28
H 6 4
V 6 6
H 6 13
H 6 28
H 7 2
H 7 3
H 7 4
V 7 5
V 7 15
H 7 19
V 7 21
V 7 22
H 8 1
H 8 3
V 8 11
H 8 12
H 9 3
H 9 19
H 10 3
V 10 18
H 10 18
H 10 19
H 11 2
H 11 11
V 11 25
V 12 14
V 12 24
V 12 26
V 13 22
V 13 23
H 14 16
H 14 22
H 14 24
H 15 1
H 15 3
V 15 4
V 15 21
V 15 23
H 15 23
V 16 3
H 16 3
H 16 9
V 16 22
H 16 23
H 17 2
V 17 8
V 17 12
V 17 20
H 17 22
V 18 2
V 18 3
H 18 21
V 19 1
H 19 3
V 19 8
V 19 20
H 19 20
H 20 3
V 20 18
H 20 18
H 20 19
H 21 0
H 21 2
V 21 9
V 21 18
V 22 4
V 22 15
V 22 16
V 22 17
H 22 17
H 22 19
H 23 3
H 23 4
H 23 16
V 23 17
H 23 18
V 23 19
V 24 6
H 24 17
H 24 18
V 25 5
H 25 5
V 25 14
V 25 15
H 25 18
V 26 8
H 27 7
V 27 11
H 27 11
H 30 18
