13144.3226393
1133.11566463
1270.17457463
1280.18407463
1327.19603463
1408.24265463
1414.22806463
1465.26411463
1527.31212463
1580.29105463
1624.36488463
1651.32816463
1721.41764463
1780.37075463
1835.46057463
1894.41368463
1934.52898463
2005.56609463
2041.48209463
2092.59812463
2142.52977463
2191.66653463
2257.55671463
2294.67572463
2404.62512463
2422.73430463
2475.66223463
2551.77689463
2589.70516463
2646.72662463
2707.87800463
2717.76373463
2821.92093463
2864.83214463
2977.91620463
3008.00024463
3080.92539463
3164.10135463
3167.95742463
3278.14428463
3282.98436463
3377.21269463
3439.08547463
3505.27127463
3568.12806463
3592.30330463
3696.22302463
3748.40441463
3824.31798463
3911.46774463
3925.36566463
3968.48920463
3982.38712463
4115.55761463
4168.46643463
4202.58964463
4269.51411463
4333.63013463
4425.61522463
4462.67272463
4512.64725463
4565.68191463
4569.66871463
4652.71394463
4682.75277463
4753.76162463
4795.83683463
4852.83003463
4866.87394463
4965.91409463
4980.91687463
5080.94103463
5094.00093463
5209.98362463
5223.04352463
5338.07046463
5366.08473463
5409.10757463
5512.11676463
5522.18584463
5609.21787463
5640.17534463
5711.21245463
5722.30193463
5814.22164463
5850.36051463
5885.25875463
5972.29078463
6006.46162463
6075.29997463
6135.50421463
6190.32691463
6248.58827463
6303.41097463
6385.64718463
6489.49028463
6541.74829463
6602.57434463
6654.83235463
6758.67545463
6840.91166463
6895.73436463
6953.99572463
7008.81842463
7069.02266463
7137.86101463
7172.03185463
7259.06388463
7293.96212463
7330.10099463
7422.02070463
7433.11018463
7504.14729463
7535.10476463
7622.13679463
7632.20587463
7735.21506463
7778.23790463
7806.25217463
7921.27911463
7934.33901463
8050.32170463
8063.38160463
8163.40576463
8178.40854463
8277.44869463
8291.49260463
8348.48580463
8390.56101463
8461.56986463
8491.60869463
8574.65392463
8578.64072463
8631.67538463
8681.64991463
8718.70741463
8810.69250463
8874.80852463
8941.73299463
8975.85620463
9028.76502463
9161.93551463
9175.83343463
9218.95697463
9232.85489463
9320.00465463
9395.91822463
9448.09961463
9552.01933463
9576.19457463
9639.05136463
9705.23716463
9767.10994463
9861.33827463
9866.17835463
9976.36521463
9980.22128463
10063.3972446
10136.3223946
10166.4064346
10279.4904946
10322.4017046
10426.5589046
10436.4446346
10497.5960146
10554.6174746
10592.5457446
10668.6604046
10721.5883346
10739.6975146
10849.6469146
10886.7659246
10952.6561046
11001.7928646
11051.7245146
11102.8405446
11138.7565446
11209.7936546
11249.9089546
11308.8620646
11363.9518846
11422.9049946
11492.9944746
11519.9577546
11564.0315846
11617.0105146
11679.0585246
11730.0945746
11736.0799846
11817.1266046
11864.1385646
11874.1480646
12011.2069746
