11111111111111111111111111101111111111111111111111110111111111111111111111111111
01111111011111111001111110110111111100011111111101111101110011111101001111111111
11111111111101111111111111011110111111101111111111111111111111100111111111101110
00000000100000000010000001000000000001000000000000000010001000000010000000000000
00001000001010001000000100100011001000011101011000010000100000011100000100011001
00000000000000010000000000000100000100000010100000100000000010000000000000000010
10000000100000000110000001001000000001100000000010000010001100000010110000000000
11111111111111101111111111111011111011111101011111011111111101011111111111111101
10011011101111111111111101111111111111111111111110111110111111111110111111111111
00000000000000000100000000001000000000000000000000000000000000000000010000000000
00001000000010000000000000100001000000010001000000000000000000011000000100010001
00000000000000000000000000001000000000000000000000000000000000000000010000000000
11101100111010111110001111101111001111111111111111110111111110111111111111011111
11111111110111111111111111111111111111111011111111111111111111111111111111111111
11111111111111111111111111111111111111110111110111101111011111111111111111111111
00000000000000010000000000000100000100000000100000100000000000000000000000000000
11111111111101111111111111011111111111111111111111111111111111101111111111111111
11111111110111111111111111111101110111111011111111111111111111111111111111111111
11110111110101110111111011011100110111100010110111101111011111100111111011101110
01111111011111001001110110110011111000011101011001011001110001011101000110111001
00001000001010001000000100100011001000011101011000010000100000011100000110011001
01111111011111111101111110111111111110111111111111111101110111111101011111111111
00010001000100000001110000010000110000000000000000001000000000000000000000100000
00010000000100000000100000010000100000000000000000001000000000000000000000100000
00001000000010001000000100100001000000010001000000000000000000011000000100010001
10000000100000000010000001000000000001000000000000000010001000000010000000000000
11110111111101111111111111011110111111101111111111111111111111100111111011101110
00010000000100000001100000010000100000000000000000001000000000000000000000100000
00000000000000000000000000000000000000000000000100000000000000000000000001000000
11111111111111111111111111111101110111111111111111111111111111111111111111111111
00000000000000000000000000000000100000000000000000000000000000000000000000100000
11111111111111111111111111111111111111111111110111101111111111111111111111111111
00000000000000000000000000000000000000100000000010000000000000000000000000000000
00000000000100000000000000010000000000000000000000001000000000000000000000000000
11011111111111111111111111111111111111111111111111111111111111111110111111111111
11111111110111111111111111111101110111110011110111101111011111111111111111111111
00000100010000000000000000000000000000000000000000000000000000000000000000000000
10001000101010111110001101101111001111111111111110110110111110111110111111011111
10001000101010111110001101101111001111111111111110110110101110111110111111011111
10000000100000100110001001001000000011100000000110000110001100000010111001000100
00000000000010000000000000100000000000000000000000000000000000000000000000000000
01100100010000000000000000000000000000000000000000000000000000000001000000000000
00010000000000000000100000000000000000000000000000000000000000000000000000000000
11111111111111111111110111111111111111111111111111111011111111111111111111111111
11111111111101111111111111011110111111101111111111111111111111100111111011101110
11111111111111111111111111111111111111101111111111111111111111110111111111111111
11111111111111111111111111111111111110111111111111111101111111111111111111111111
10011111111111111111111111111111111111111111111111111111111111111110111111111111
01111111011111111001111110110111111110011111111101111101110111111101001111111111
11111111111111111111111111111111111111111111111110111110111111111111111111111111
00000000000000000000000000000000000000000010000000000000000010000000000000000000
00000000000000000100000000001000000000100000000010000000000000000000010000000000
00000000000000000000000000000100000000000000100000100000000000000000000000000000
11101111111011111111011111101111111111111111111111110111111111111111111111111111
00000000000000100000001000000000000000000000000000000100000000000000001000000100
11111111111111111101111111111111111110111111111111111101111111111111111111111111
11111111011111111111111111111111111111111111111111111111110111111111111111111111
11111111111111111111111111111111111111110111110111101111111111111111111111111111
01101101100111111110000110100110100001001100100110010000011110100111110011010101
11111111111111101111111111111011111111111111011111011111111111111111111111111111
11111111111111111111111111111011111111111111111111011111111111111111111111111111
11111111111111111111111111111111111111101111111111111111111111110111111111101110
00010000000100000001110000010000110000000000000000001000000000000000000000100000
11111111111111111101111110111111111110111111111111111101111111111111111111111111
00000000000000100000001000000000000000000000000000000100000000000000000000000100
11101100111010111110001111101111001111111111111111110111111111111111111111011111
01111111011111111001111110110111111100011111111001111101110011111101001110111111
00000000100000000010000001000000000001000000000000000010001000000000000000000000
11101100111011111110001111101111001111111111111111110111111111111111111111011111
11111111111111011111110111111111111111111111111111111011111111111111111111111111
00000000000000000000000000000000000000000000000000000000000000000100000000001000
11111111111111111111111111111111111111111111101111111111111111111011111111110111
00010000000100000001110000010000100000000000000000001000000000000000000000100000
00000000000000000000000000000000000000000010000000000000000010000000000000000010
10011011101111111111111101111111111111111111111111111111111111111110111111111111
11111111111111110111111011111111111111111111111111111111111111111111111111111111
00000000000000000000000000000000000000010000000000000000000000001000000000000001
11111111111111111111111111111110111111101111111111111111111111110111111111101110
