4161.56254168
4260.63095168
4331.66806168
4418.70009168
4515.75285168
4586.78996168
4699.87402168
4800.92170168
4937.98061168
5075.03952168
5189.08245168
5317.14103168
5414.19379168
5501.22582168
5629.28440168
5726.33716168
5841.36410168
6027.44341168
6156.48600168
6255.55441168
6441.63372168
6569.69230168
6666.74506168
6723.76652168
6836.85058168
6964.94554168
7095.98603168
7183.01806168
7270.05009168
7373.05928168
7536.12261168
7667.16310168
7853.24241168
8039.32172168
8186.39013168
8287.43781168
8443.53892168
8514.57603168
8661.64444168
8758.69720168
8914.79831168
9043.84090168
9199.94201168
9313.98494168
9411.03770168
9482.07481168
9597.10175168
9684.13378168
9755.17089168
9868.25495168
10054.3342617
10155.3819417
10318.4452717
10431.5293317
10559.5879117
10688.6305017
10745.6519617
10901.7530717
11038.8119817
11125.8440117
11281.9451217
11396.9720617
11468.0091717
11571.0183617
11672.0660417
11819.1344517
11933.1773817
12047.2203117
12184.2792217
12271.3112517
12374.3204417
12502.4154017
12665.4787317
12736.5158417
12873.5747517
12986.6588117
13073.6908417
13201.7858017
13329.8443817
13460.8848717
13557.9376317
13686.9802217
13834.0486317
