4351.06606083
4514.12939083
4575.11711327
4585.16650083
4602.92917203
4620.77810174
4642.18796083
4690.76155544
4694.80400245
4715.38756125
4717.12082833
4770.24654083
4789.94956612
4800.4813978
4885.27348083
4896.46821698
4956.31059083
4990.70862386
5068.31707046
5084.36917083
5096.31822073
5129.43974102
5146.24099791
5231.43758083
5328.49034083
5365.31177896
5459.53083083
5562.74126604
5590.57132083
5640.20179297
5646.92567093
5668.24398368
5687.62408083
5758.66119083
5845.69322083
5859.70887083
5987.20617648
6001.79433083
6015.80998083
6086.84709083
6099.2456748
6113.69747126
6164.85766083
6185.91550083
6187.79442514
6221.87912083
6227.58926393
6285.19433954
6299.95843083
6325.48451945
6352.91961083
6418.2220686
6427.34086849
6437.01734083
6445.14798037
6451.98802083
6478.49034027
6484.73788236
6489.58492046
6493.71784235
6509.47762989
6539.02005083
6560.89754152
6569.05869834
6593.11845083
6695.12116083
6705.69147009
6722.16104083
6809.19307083
6858.18449083
6871.67142327
6915.73419866
6926.44296616
6956.26148083
6957.25290083
6988.09538645
6993.31056558
7073.41315838
7085.30407083
7102.35696031
7131.66458748
7143.33221083
7184.26329973
7191.47158695
7200.35367083
7222.36298083
7262.35916211
7269.79692276
7274.46190379
7353.40347083
7356.45478083
7452.47188083
7463.75335456
7491.10147043
7493.51369083
7513.88744844
7560.29471124
7606.59775083
